NumShapes 6
SQUARE 6
35 -35 0 
55 -35 1
55 -55 1
35 -55 1
35 -35 1
 0   0 0
INVERTED_TRAINAGLE 5
65 -5  0
85 -5  1
75 -25 1
65 -5  1
 0  0  0
STAR 11
5    -5    0
25   -5    1
25   -25   1
5    -25   1
5    -5    1 
15   -2.5  0
27.5 -15   1
15   -27.5 1
2.5  -15   1
15   -2.5  1
0     0    0
RIGHT_ANGLE_TRIANGLE
5  -65 0
25 -65 1
25 -85 1
5  -65 1
0 0    0
cROSS 14
12 -35 0
18 -35 1
18 -42 1
25 -42 1
25 -48 1
18 -48 1
18 -55 1
12 -55 1
12 -48 1
5  -48 1
5  -42 1
12 -42 1
12 -35 1
0    0 0
CUSTOM_SHAPE 7
68.5 -35 0
81.5 -35 1
84.5 -48 1
75   -55 1
65.5 -48 1
68.5 -35 1
 0     0 0